num_steps = 100000
t(1) = 0.00300694
t(2) = 0.00161219
t(4) = 0.00083899

s(2) = 1,865127559
s(4) = 3,583999809

num_steps = 1000000
t(1) = 0.02049994
t(2) = 0.01311612 
t(4) = 0.00744700

s(2) = 1,562957643
s(4) = 2,7527783

num_steps = 10000000
t(1) = 0.15182495
t(2) = 0.07788515
t(4) = 0.04669499

s(2) = 1,949344002
s(4) = 3,251418407
