N = 100000000
t(1) = 0.681961
t(2) = 0.371021
t(4) = 0.237897

s(2) = 1,83806577
s(4) = 2,86662295
